# jours	mois	annee	type_poste	idx_source_documentaire
1 9 2017 P1
18,19,27,28,29 9 2017 P2
22,23,24 9 2017 P2

1 8 2017 RCP2
2,5,6,15,16,20,21,24,25 8 2017 P2 
9,10,11,30,31 8 2017 P1
14,19 8 2017 R1
 



10,11,15,16,17,20,21 7 2017 P1
23,24,25,28 7 2017 P2
29,30 7 2017 R1
 



4 6 2017 R1
7,8,10,11,12,16,17,18 6 2017 P2
21,22,23 6 2017 P1


4,5,8,10,13,14,24,25,29,30 5 2017 P1
17,18,20,21 5 2017 P2


3,4,6,7 4 2017 P1
18,19,22,23,28 4 2017 P2
29,30 4 2017 R1

1,2,8,9,10,29,30,31 3 2017 P1
13,18,19,24,25,26 3 2017 P2
17 3 2017 R1

2,6,8,9,10 2 2017 P1
13,14,18,19,20,24,25,26 2 2017 P2


2,3,7,8,30,31 1 2017 P1
16,17,21,22,23,26,27 1 2017 P2






